check 43

Dati:
VH[mV]      R[立]			T[K]			sVH[mV]			sR[立]			sT[K]
1.883	109	296.252	0.03766	0.972	2.47821
1.995	111	301.405	0.0399	0.988	2.518
2.145	113	306.588	0.0429	1.004	2.56957
2.332	115	311.755	0.04664	1.02	2.69826
2.482	117	316.94	0.04964	1.036	2.73174
2.7	119	322.124	0.054	1.052	2.73841
2.817	121	327.307	0.05634	1.068	2.80176
2.976	123	332.518	0.05952	1.084	2.86568
3.13	125	337.726	0.0626	1.1	2.90615
3.23	127	342.944	0.0646	1.116	2.86375
3.288	129	348.176	0.06576	1.132	2.99175
3.283	131	353.414	0.06566	1.148	3.02414
3.156	133	358.679	0.06312	1.164	3.07058
2.919	135	363.913	0.05838	1.18	3.105
2.584	137	369.176	0.05168	1.196	3.14772
2.228	139	374.469	0.04456	1.212	3.19646
1.767	141	379.73	0.03534	1.228	3.23259
1.384	143	385.019	0.02768	1.244	3.2634
1.029	145	390.311	0.02058	1.26	3.3975
0.694	147	395.62	0.01388	1.276	3.34805
0.393	149	400.941	0.00786	1.292	3.37258
0.158	151	406.257	0.00316	1.308	3.51589
0.343	149	400.941	0.00686	1.292	3.37258
0.625	147	395.62	0.0125	1.276	3.34805
0.914	145	390.311	0.01828	1.26	3.3975
1.268	143	385.019	0.02536	1.244	3.2634
1.672	141	379.73	0.03344	1.228	3.23259
2.135	139	374.469	0.0427	1.212	3.19646
2.5	137	369.176	0.05	1.196	3.14772
2.854	135	363.913	0.05708	1.18	3.105
3.112	133	358.679	0.06224	1.164	3.07058
3.298	131	353.414	0.06596	1.148	3.02414
3.358	129	348.176	0.06716	1.132	2.99175
3.38	127	342.944	0.0676	1.116	2.86375
3.26	125	337.726	0.0652	1.1	2.90615
3.166	123	332.518	0.06332	1.084	2.86568
3.018	121	327.307	0.06036	1.068	2.80176
2.86	119	322.124	0.0572	1.052	2.73841
2.675	117	316.94	0.0535	1.036	2.73174
2.457	115	311.755	0.04914	1.02	2.69826
2.269	113	306.588	0.04538	1.004	2.56957
2.064	111	301.405	0.04128	0.988	2.518
1.913	109	296.252	0.03826	0.972	2.47821

check 41
Dati:
VH[mV]          R[立] 			T[K]			VH_correct[mV]			RH[Vcm/AT]			sVH[mV]			sR[立]			sT[K]			sVH_correct[mV]			sRH[Vcm/AT]
14.287	109.1	296.507	12.3988	0.28574	0.9728	2.48103	0.290264
14.409	111	301.405	12.414	0.28818	0.988	2.518	0.294485
14.534	113.1	306.844	12.3799	0.29068	1.0048	2.56218	0.304842
14.662	115	311.755	12.33	0.29324	1.02	2.69826	0.304765
14.75	117.1	317.202	12.258	0.295	1.0368	2.70211	0.313219
14.781	119	322.124	12.081	0.29562	1.052	2.73841	0.309425
14.69	121	327.307	11.873	0.2938	1.068	2.80176	0.300889
14.484	123	332.518	11.508	0.28968	1.084	2.86568	0.304838
14.089	125	337.726	10.959	0.28178	1.1	2.90615	0.29068
13.463	127	342.944	10.233	0.26926	1.116	2.86375	0.272594
12.539	129	348.176	9.251	0.25078	1.132	2.99175	0.251611
11.257	131	353.414	7.974	0.22514	1.148	3.02414	0.227938
9.708	133	358.679	6.552	0.19416	1.164	3.07058	0.221754
8.004	135.1	364.176	5.10015	0.16008	1.1808	3.10717	0.24145
6.141	137.1	369.44	3.57381	0.12282	1.1968	3.14994	0.235054
4.452	139	374.469	2.224	0.08904	1.212	3.19646	0.268732
2.978	141	379.73	1.211	0.05956	1.228	3.23259	0.276017
1.828	143	385.019	0.444	0.03656	1.244	3.2634	0.222904
0.97	145	390.311	-0.059	0.0194	1.26	3.3975	0.22365
0.382	147	395.62	-0.312	0.00764	1.276	3.34805	0.203853
0.004	149	400.941	-0.389	8e-05	1.292	3.37258	0.168786
-0.215	151	406.257	-0.373	-0.0043	1.308	3.51589	0.145232
-0.026	149	400.941	-0.369	-0.00052	1.292	3.37258	0.180139
0.301	147	395.62	-0.324	0.00602	1.276	3.34805	0.174758
0.904	144.8	389.779	-0.0425375	0.01808	1.2584	3.31149	0.206107
1.636	143	385.019	0.368	0.03272	1.244	3.2634	0.23393
2.719	141	379.73	1.047	0.05438	1.228	3.23259	0.282284
4.156	139	374.469	2.021	0.08312	1.212	3.19646	0.267359
5.803	137	369.176	3.303	0.11606	1.196	3.14772	0.241703
7.589	135	363.913	4.735	0.15178	1.18	3.105	0.239836
9.353	133	358.679	6.241	0.18706	1.164	3.07058	0.228949
11.016	131	353.414	7.718	0.22032	1.148	3.02414	0.230228
12.357	128.9	347.912	8.99658	0.24714	1.1312	2.99466	0.248725
13.251	127	342.944	9.871	0.26502	1.116	2.86375	0.266767
13.925	125	337.726	10.665	0.2785	1.1	2.90615	0.286247
14.349	123	332.518	11.183	0.28698	1.084	2.86568	0.293477
14.562	121	327.307	11.544	0.29124	1.068	2.80176	0.303806
14.643	119	322.124	11.783	0.29286	1.052	2.73841	0.305507
14.651	117	316.94	11.976	0.29302	1.036	2.73174	0.313289
14.576	115.1	312.019	12.1086	0.29152	1.0208	2.6846	0.310496
14.467	113	306.588	12.198	0.28934	1.004	2.56957	0.305617

 FCN=154.752 FROM MINOS     STATUS=SUCCESSFUL     27 CALLS         145 TOTAL
                     EDM=1.49811e-09    STRATEGY= 1      ERROR MATRIX ACCURATE 
  EXT PARAMETER                                   STEP         FIRST   
  NO.   NAME      VALUE            ERROR          SIZE      DERIVATIVE 
   1  p0           6.16451e+01   1.28971e+00   1.74355e-02  -1.17909e-03
   2  p1          -1.55980e-01   3.71747e-03   3.71747e-03  -5.59544e-01
Chi^2:154.752, number of DoF: 19 (Probability: 2.64475e-23).
 FCN=106.822 FROM MINOS     STATUS=SUCCESSFUL     27 CALLS         140 TOTAL
                     EDM=7.23428e-09    STRATEGY= 1      ERROR MATRIX ACCURATE 
  EXT PARAMETER                                   STEP         FIRST   
  NO.   NAME      VALUE            ERROR          SIZE      DERIVATIVE 
   1  p0           6.16692e+01   1.16889e+00   1.24143e-02  -5.53971e-04
   2  p1          -1.56033e-01   3.34168e-03   3.34168e-03  -1.30136e-01
Chi^2:106.822, number of DoF: 18 (Probability: 1.22527e-14).
 FCN=174.106 FROM MINOS     STATUS=SUCCESSFUL     27 CALLS         218 TOTAL
                     EDM=4.08999e-08    STRATEGY= 1      ERROR MATRIX ACCURATE 
  EXT PARAMETER                                   STEP         FIRST   
  NO.   NAME      VALUE            ERROR          SIZE      DERIVATIVE 
   1  p0           4.29452e+00   9.33268e-02   1.65270e-03  -2.44412e-02
   2  p1          -1.06820e-02   2.62042e-04   2.62042e-04  -2.59474e+00
Chi^2:174.106, number of DoF: 19 (Probability: 4.45706e-27).
 FCN=12232.3 FROM MIGRAD    STATUS=FAILED         84 CALLS          85 TOTAL
                     EDM=2.16283    STRATEGY= 1  ERROR MATRIX UNCERTAINTY  37.5 per cent
  EXT PARAMETER                APPROXIMATE        STEP         FIRST   
  NO.   NAME      VALUE            ERROR          SIZE      DERIVATIVE 
   1  p0           2.19848e-02   1.00000e+00   0.00000e+00  -1.44092e+05
   2  p1          -6.20490e-05   1.00000e+00   0.00000e+00  -4.99657e+07
Chi^2:12232.3, number of DoF: 18 (Probability: 0).